0 320 320 0 0 0
0 384 320 0 0 0
0 480 320 0 0 0
0 544 320 0 0 0
0 512 320 0 0 0
0 416 320 0 0 0
0 448 320 0 0 0
0 352 320 0 0 0
0 320 352 0 0 0
0 320 384 0 0 0
0 544 352 0 0 0
0 544 384 0 0 0
0 512 384 0 0 0
0 448 384 0 0 0
0 384 384 0 0 0
0 352 384 0 0 0
0 416 384 0 0 0
0 480 384 0 0 0
0 448 352 0 0 0
0 416 352 0 0 0
0 352 352 0 0 0
0 384 352 0 0 0
0 480 352 0 0 0
0 512 352 0 0 0
0 320 288 0 32 0
0 352 288 0 32 0
0 384 288 0 32 0
0 416 288 0 32 0
0 448 288 0 32 0
0 480 288 0 32 0
0 512 288 0 32 0
0 544 288 0 32 0
0 416 352 0 64 0
0 512 352 0 0 32
0 352 320 0 0 32
0 608 288 0 32 64
0 640 288 0 64 64
0 672 288 0 64 64
0 704 288 0 64 64
0 736 288 0 64 64
0 768 288 0 64 64
0 800 288 0 96 64
0 800 256 0 96 32
0 800 224 0 96 32
0 800 192 0 96 32
0 800 160 0 96 32
0 608 256 0 32 32
0 608 224 0 32 32
0 608 192 0 32 32
0 608 160 0 32 32
0 640 160 0 64 32
0 672 160 0 64 32
0 704 160 0 64 32
0 736 160 0 64 32
0 768 160 0 64 32
0 768 192 0 64 32
0 736 192 0 64 32
0 704 192 0 64 32
0 672 192 0 64 32
0 640 192 0 64 32
0 640 224 0 64 32
0 640 256 0 64 32
0 672 224 0 64 32
0 672 256 0 64 32
0 704 224 0 64 32
0 704 256 0 64 32
0 736 224 0 64 32
0 736 256 0 64 32
0 768 224 0 64 32
0 768 256 0 64 32
0 608 128 0 32 0
0 640 128 0 32 0
0 672 128 0 32 0
0 704 128 0 32 0
0 736 128 0 32 0
0 768 128 0 32 0
0 800 128 0 32 0
0 416 384 0 96 0
0 448 384 0 128 0
0 736 288 0 128 0
0 704 288 0 96 0
0 544 448 0 160 64
0 544 416 0 160 32
0 544 384 0 160 32
0 544 352 0 160 0
0 576 352 0 160 0
0 576 384 0 160 32
0 576 416 0 160 32
0 576 448 0 160 64
0 768 288 0 128 64
0 768 256 0 128 32
0 672 192 0 0 64
0 672 288 0 160 64
0 672 256 0 160 32
0 672 224 0 160 0
0 832 288 0 192 64
0 832 256 0 192 32
0 832 224 0 192 32
0 832 192 0 192 32
0 832 160 0 192 32
0 832 128 0 192 32
0 832 96 0 192 32
0 864 96 0 224 32
0 864 128 0 224 32
0 864 160 0 224 32
0 864 224 0 224 32
0 896 256 0 224 32
0 896 160 0 224 32
0 896 192 0 224 32
0 896 224 0 224 32
0 896 96 0 224 32
0 928 96 0 224 32
0 928 128 0 224 32
0 928 160 0 224 32
0 928 192 0 224 32
0 928 224 0 224 32
0 928 256 0 224 32
0 896 128 0 288 0
0 864 192 0 288 0
0 864 256 0 288 32
0 864 288 0 288 64
0 960 288 0 256 64
0 960 256 0 256 32
0 960 224 0 256 32
0 960 192 0 256 32
0 960 160 0 256 32
0 960 128 0 256 32
0 960 96 0 256 32
0 928 288 0 224 64
0 896 288 0 224 64
0 832 64 0 32 0
0 864 64 0 32 0
0 896 64 0 32 0
0 928 64 0 32 0
0 960 64 0 32 0
0 928 192 0 160 0
0 928 224 0 160 32
0 928 256 0 160 32
0 928 288 0 160 64
1 576 320 0 0 0
1 288 320 0 0 0
1 256 320 0 0 0
1 608 320 0 0 0
1 640 320 0 0 0
1 224 320 0 0 0
1 224 192 0 0 0
1 256 192 0 32 0
1 288 192 0 32 0
1 320 192 0 32 0
1 352 192 0 32 0
1 384 192 0 64 0
1 320 160 0 96 0
